@0	0.000000
196.339616	26.0738
195.574369	27.11738
197.104829	25.90883
197.870009	25.35131
198.635157	25.06148
199.400271	24.16074
200.165352	22.65357
200.9304	22.48939
201.695415	20.5919
202.460397	18.76554
203.225345	17.57626
203.990261	16.24452
204.755143	14.81886
205.519992	14.06129
206.284807	13.60125
207.04959	12.82187
207.814339	12.5
208.579055	11.85786
209.343737	11.40809
210.108386	11.02289
210.873002	1.03596
211.637584	10.73176
212.402133	10.65171
213.166649	10.58741
213.931131	10.40361
214.69558	10.28704
215.459995	10.12891
216.224377	10.06788
216.988725	9.90985
217.75304	9.88725
218.517321	9.75249
219.281569	9.74594
220.045783	9.57522
220.809964	9.33702
221.574111	9.33615
222.338224	9.29823
223.102304	9.06659
223.86635	9.04076
224.630362	8.9316
225.39434	8.84376
226.158285	8.71013
226.922196	8.40381
227.686074	8.26797
228.449917	8.16128
229.213727	7.93934
229.977503	7.77046
230.741245	7.53295
231.504954	7.34808
232.268628	7.05875
233.032269	6.9581
233.795875	6.77665
234.559448	6.53778
235.322987	6.37745
236.086492	6.11166
236.849963	5.98399
237.6134	5.88984
238.376803	5.83575
239.140171	5.76874
239.903506	5.65274
240.666807	5.58172
241.430074	5.59786
242.193306	5.48788
242.956505	5.50403
243.719669	5.4012
244.482799	5.4096
245.245895	5.38593
246.008957	5.40529
246.771984	5.36918
247.534978	5.39191
248.297937	5.37366
249.060862	5.37568
249.823752	5.30665
250.586609	5.29542
251.349431	5.25287
252.112218	5.25063
252.874971	5.19216
253.63769	5.17866
254.400375	5.11544
255.163025	5.14856
255.92564	5.11659
256.688222	5.19366
257.450768	5.16974
258.213281	5.15272
258.975758	5.2014
259.738202	5.16153
260.50061	5.10482
261.262985	5.11456
262.025324	5.02448
262.787629	5.07111
263.549899	5.03212
264.312135	4.95684
265.074336	4.97553
265.836503	5.01074
266.598635	5.03212
267.360732	5.01514
268.122794	5.06326
268.884822	5.08781
269.646814	5.13445
270.408772	5.13401
271.170696	5.13026
271.932584	5.21001
272.694438	5.20151
273.456257	5.19824
274.218041	5.2803
274.97979	5.2236
275.741504	5.13167
276.503183	5.19642
277.264827	5.14566
278.026437	5.09055
278.788011	5.10475
279.54955	5.03475
280.311055	5.06727
281.072524	5.02934
281.833958	5.02333
282.595358	4.94642
283.356722	4.8512
284.118051	4.73494
284.879345	4.54211
285.640604	4.42648
286.401827	4.25225
287.163016	4.1825
287.924169	4.07032
288.685287	3.97611
289.44637	3.90899
290.207417	3.8728
290.96843	3.80758
291.729407	3.79652
292.490349	3.72749
293.251255	3.73102
294.012126	3.7407
294.772962	3.69667
295.533762	3.69342
296.294527	3.63823
297.055257	3.61696
297.815951	3.65186
298.57661	3.60138
299.337233	3.62534
300.097821	3.60105
300.858373	3.58617
301.61889	3.57797
302.379371	3.5618
303.139816	3.51944
303.900227	3.56359
304.660601	3.5304
305.42094	3.53658
306.181243	3.53278
306.941511	3.54319
307.701743	3.51914
308.461939	3.50128
309.2221	3.51654
309.982224	3.47003
310.742313	3.51071
311.502367	3.50105
312.262384	3.48224
313.022366	3.4966
313.782312	3.44571
314.542222	3.48749
315.302097	3.44037
316.061935	3.42017
316.821738	3.42386
317.581504	3.41223
318.341235	3.39115
319.10093	3.35034
319.860589	3.3591
320.620212	3.34898
321.379799	3.36536
322.139349	3.34425
322.898864	3.29885
323.658343	3.28908
324.417786	3.26445
325.177193	3.22878
325.936563	3.24193
326.695898	3.23561
327.455196	3.1941
328.214458	3.22218
328.973684	3.20149
329.732874	3.17811
330.492027	3.15792
331.251145	3.18112
332.010226	3.1603
332.769271	3.17916
333.528279	3.1083
334.287252	3.11522
335.046188	3.13805
335.805087	3.09642
336.563951	3.07915
337.322777	3.04615
338.081568	3.08274
338.840322	3.06177
339.59904	3.03253
340.357721	3.06175
341.116366	3.04507
341.874974	2.97396
342.633546	3.02107
343.392081	3.02419
344.15058	2.96629
344.909042	3.02345
345.667468	3.02604
346.425857	2.98133
347.184209	3.02242
347.942525	2.9782
348.700804	2.97867
349.459046	2.99681
350.217252	2.95577
350.975421	2.97607
351.733554	2.94063
352.491649	2.94495
353.249708	2.94158
354.00773	2.91751
354.765716	2.93844
355.523664	2.94055
356.281576	2.89532
357.039451	2.93706
357.797289	2.94422
358.55509	2.93697
359.312854	2.91883
360.070581	2.92989
360.828272	2.92213
361.585925	2.90799
362.343542	2.91477
363.101121	2.90549
363.858664	2.88684
364.616169	2.88537
365.373637	2.89657
366.131069	2.89142
366.888463	2.88495
367.64582	2.86901
368.40314	2.86038
369.160423	2.86895
369.917669	2.86703
370.674877	2.87192
371.432049	2.8604
372.189183	2.86899
372.94628	2.86009
373.703339	2.84354
374.460362	2.83795
375.217347	2.83837
375.974295	2.83465
376.731205	2.82088
377.488079	2.80932
378.244914	2.81192
379.001713	2.7973
379.758474	2.79036
380.515198	2.77798
381.271884	2.7665
382.028533	2.76417
382.785144	2.75314
383.541718	2.74879
384.298254	2.72802
385.054753	2.70528
385.811214	2.69725
386.567638	2.6821
387.324024	2.66467
388.080373	2.64902
388.836684	2.63469
389.592957	2.60593
390.349193	2.57538
391.105391	2.55325
391.861551	2.53747
392.617674	2.49985
393.373759	2.4603
394.129806	2.43011
394.885816	2.3905
395.641788	2.35425
396.397721	2.31349
397.153618	2.27161
397.909476	2.23821
398.665296	2.19569
399.421079	2.14919
400.176824	2.09874
400.93253	2.05745
401.688199	2.01682
402.44383	1.97276
403.199423	1.92649
403.954978	1.87877
404.710495	1.82962
405.465974	1.78759
406.221415	1.73778
406.976818	1.69395
407.732183	1.64794
408.48751	1.60482
409.242799	1.56176
409.998049	1.52404
410.753262	1.48839
411.508436	1.4606
412.263572	1.4295
413.01867	1.4006
413.77373	1.37579
414.528752	1.3589
415.283735	1.3419
416.03868	1.32565
416.793587	1.30785
417.548455	1.28838
418.303285	1.27521
419.058077	1.25997
419.81283	1.25688
420.567546	1.24772
421.322222	1.23491
422.076861	1.22596
422.83146	1.21791
423.586022	1.21209
424.340545	1.20492
425.095029	1.19837
425.849475	1.19266
426.603883	1.18618
427.358252	1.18488
428.112582	1.18472
428.866874	1.18288
429.621127	1.17308
430.375342	1.16941
431.129518	1.17163
431.883655	1.17087
432.637754	1.16514
433.391814	1.16056
434.145835	1.16032
434.899817	1.15633
435.653761	1.15509
436.407666	1.14965
437.161533	1.14948
437.91536	1.14635
438.669149	1.14486
439.422899	1.14756
440.17661	1.14686
440.930282	1.14099
441.683916	1.13372
442.43751	1.13315
443.191065	1.13654
443.944582	1.13287
444.69806	1.12206
445.451498	1.11977
446.204898	1.11975
446.958259	1.11887
447.71158	1.12417
448.464863	1.12141
449.218106	1.11611
449.971311	1.11403
450.724476	1.11392
451.477603	1.11206
452.23069	1.10954
452.983738	1.10703
453.736746	1.10483
454.489716	1.10255
455.242646	1.09845
455.995538	1.1025
456.748389	1.10224
457.501202	1.10085
458.253976	1.09709
459.00671	1.09329
459.759404	1.09335
460.51206	1.08928
461.264676	1.08659
462.017253	1.08222
462.76979	1.08078
463.522288	1.0801
464.274746	1.07542
465.027165	1.07437
465.779545	1.07174
466.531885	1.07282
467.284186	1.08051
468.036447	1.08099
468.788668	1.07313
469.54085	1.07299
470.292993	1.07247
471.045096	1.06602
471.797159	1.06214
472.549183	1.06279
473.301167	1.06783
474.053111	1.06754
474.805016	1.05975
475.556881	1.05367
476.308706	1.06067
477.060491	1.05936
477.812237	1.05434
478.563943	1.05375
479.315609	1.05561
480.067236	1.05741
480.818822	1.05768
481.570369	1.05969
482.321876	1.05556
483.073343	1.05019
483.82477	1.04551
484.576157	1.04652
485.327504	1.05411
486.078812	1.05497
486.830079	1.0514
487.581306	1.04987
488.332494	1.05101
489.083641	1.05142
489.834748	1.04881
490.585815	1.04411
491.336843	1.04041
492.08783	1.03967
492.838777	1.0412
493.589683	1.04234
494.34055	1.04019
495.091376	1.0347
495.842163	1.03553
496.592909	1.03678
497.343615	1.02993
498.09428	1.03005
498.844906	1.03131
499.595491	1.0348
500.346035	1.03396
501.09654	1.03125
501.847004	1.0298
502.597428	1.02757
503.347811	1.03189
504.098154	1.03746
504.848457	1.03645
505.598719	1.02631
506.348941	1.0267
507.099122	1.02852
507.849263	1.02519
508.599363	1.02625
509.349423	1.02628
510.099442	1.03227
510.849421	1.03924
511.599359	1.04033
512.349257	1.03511
513.099113	1.03044
513.84893	1.02978
514.598705	1.03271
515.348441	1.03222
516.098135	1.02478
516.847789	1.02286
517.597401	1.02651
518.346974	1.03083
519.096505	1.03089
519.845996	1.02499
520.595446	1.01908
521.344855	1.02203
522.094223	1.02705
522.84355	1.02898
523.592837	1.02998
524.342083	1.01904
525.091288	1.01374
525.840451	1.01759
526.589574	1.02001
527.338656	1.02363
528.087697	1.01714
528.836697	1.01149
529.585656	1.00935
530.334574	1.01198
531.083451	1.02076
531.832287	1.02462
532.581082	1.02585
533.329836	1.02767
534.078549	1.02522
534.82722	1.01471
535.57585	1.01414
536.32444	1.02267
537.072988	1.02384
537.821494	1.02521
538.56996	1.02271
539.318384	1.02323
540.066767	1.02902
540.815109	1.03
541.56341	1.02334
542.311669	1.0189
543.059887	1.02131
543.808063	1.03345
544.556198	1.03273
545.304292	1.01734
546.052344	1
546.800355	1.00262
547.548325	1.00421
548.296253	1.0059
549.044139	1.00409
549.791984	1.00719
550.539788	1.01282
551.28755	1.01449
552.03527	1.01234
552.782949	1.0148
553.530586	1.02687
554.278182	1.02882
555.025736	1.02491
555.773248	1.02743
556.520719	1.02412
557.268148	1.02926
558.015536	1.03133
558.762881	1.03119
559.510185	1.03704
560.257447	1.04195
561.004668	1.03734
561.751846	1.03391
562.498983	1.02742
563.246078	1.02323
563.993131	1.02421
564.740143	1.02679
565.487112	1.02803
566.23404	1.02773
566.980925	1.02279
567.727769	1.01935
568.474571	1.02358
569.22133	1.01967
569.968048	1.01628
570.714724	1.0221
571.461358	1.02773
572.207949	1.02662
572.954499	1.02998
573.701007	1.02833
574.447472	1.02266
575.193896	1.02333
575.940277	1.0292
576.686616	1.03066
577.432913	1.03427
578.179168	1.032
578.92538	1.02575
579.67155	1.03165
580.417678	1.03416
581.163764	1.02478
581.909808	1.0176
582.655809	1.02406
583.401768	1.02574
584.147685	1.02715
584.893559	1.02636
585.639391	1.02736
586.38518	1.02936
587.130927	1.0305
587.876632	1.03091
588.622294	1.0221
589.367914	1.02483
590.113491	1.0302
590.859026	1.02428
591.604518	1.02292
592.349968	1.03282
593.095375	1.03678
593.84074	1.03388
594.586062	1.02884
595.331341	1.02528
596.076578	1.02674
596.821772	1.03378
597.566924	1.03448
598.312033	1.04202
599.057099	1.04006
599.802122	1.03554
600.547103	1.03658
601.292041	1.03945
602.036936	1.03848
602.781788	1.03156
603.526598	1.03127
604.271365	1.03407
605.016089	1.03644
605.76077	1.03904
606.505408	1.03916
607.250003	1.0338
607.994556	1.03161
608.739065	1.03648
609.483532	1.04008
610.227955	1.03682
610.972336	1.02868
611.716673	1.02293
612.460968	1.02568
613.205219	1.02225
613.949428	1.01554
614.693593	1.02252
615.437715	1.02114
616.181795	1.02839
616.925831	1.04029
617.669824	1.03509
618.413773	1.03555
619.15768	1.03464
619.901543	1.0342
620.645363	1.03098
621.38914	1.03015
622.132874	1.03445
622.876564	1.03789
623.620211	1.03264
624.363815	1.03606
625.107375	1.03659
625.850892	1.03418
626.594366	1.02824
627.337796	1.03234
628.081183	1.03433
628.824526	1.03647
629.567826	1.03488
630.311083	1.04491
631.054296	1.04812
631.797466	1.04313
632.540592	1.04166
633.283674	1.04703
634.026713	1.04564
634.769709	1.04094
635.512661	1.03586
636.255569	1.03769
636.998433	1.04443
637.741254	1.04276
638.484032	1.04062
639.226765	1.04744
639.969455	1.04528
640.712102	1.0425
641.454704	1.04888
642.197263	1.05301
642.939778	1.06006
643.682249	1.0566
644.424676	1.05161
645.16706	1.04796
645.9094	1.05365
646.651696	1.05488
647.393948	1.05682
648.136156	1.0566
648.87832	1.05142
649.62044	1.06273
650.362517	1.06964
651.104549	1.0666
651.846537	1.06097
652.588482	1.0494
653.330382	1.04078
654.072238	1.0487
654.814051	1.04998
655.555819	1.051
656.297543	1.04891
657.039223	1.04386
657.780859	1.05313
658.52245	1.05706
659.263998	1.05619
660.005501	1.06076
660.74696	1.06638
661.488375	1.05944
662.229746	1.05308
662.971072	1.05602
663.712355	1.04909
664.453592	1.05384
665.194786	1.06576
665.935935	1.06069
666.67704	1.06459
667.418101	1.07118
668.159117	1.06572
668.900088	1.05626
669.641016	1.05778
670.381899	1.05222
671.122737	1.05397
671.863531	1.06692
672.60428	1.06162
673.344985	1.05627
674.085646	1.06042
674.826261	1.0574
675.566833	1.06054
676.307359	1.06131
677.047841	1.06534
677.788279	1.06612
678.528672	1.05917
679.26902	1.0648
680.009323	1.06456
680.749582	1.06951
681.489796	1.0653
682.229966	1.05926
682.97009	1.0711
683.71017	1.07719
684.450205	1.07145
685.190195	1.06603
685.930141	1.0683
686.670041	1.06092
687.409897	1.06002
688.149708	1.06831
688.889474	1.06693
689.629195	1.05732
690.368871	1.06469
691.108502	1.07601
691.848089	1.06964
692.58763	1.06793
693.327126	1.0609
694.066577	1.05563
694.805983	1.06396
695.545344	1.06816
696.284661	1.06923
697.023931	1.06826
697.763157	1.06981
698.502338	1.07026
699.241474	1.07651
699.980564	1.07558
700.719609	1.08239
701.458609	1.08901
702.197564	1.07982
702.936473	1.0727
703.675338	1.07351
704.414157	1.06887
705.15293	1.07628
705.891659	1.0797
706.630342	1.07985
707.36898	1.08213
708.107572	1.09108
708.846119	1.09669
709.584621	1.09384
710.323077	1.08418
711.061488	1.07297
711.799853	1.07094
712.538173	1.06285
713.276447	1.05845
714.014676	1.07041
714.752859	1.08248
715.490997	1.08194
716.229089	1.0773
716.967135	1.07838
717.705136	1.0741
718.443092	1.05935
719.181001	1.05778
719.918865	1.06077
720.656684	1.06388
721.394456	1.07653
722.132183	1.08989
722.869865	1.0745
723.6075	1.06694
724.34509	1.07127
725.082634	1.07277
725.820132	1.07215
726.557584	1.0698
727.294991	1.06975
728.032351	1.06955
728.769666	1.07711
729.506935	1.07773
730.244158	1.08258
730.981335	1.1028
731.718466	1.08528
732.455551	1.07656
733.19259	1.07569
733.929583	1.06802
734.66653	1.05779
735.403431	1.05815
736.140286	1.05226
736.877095	1.05513
737.613858	1.05786
738.350575	1.05558
739.087246	1.05006
739.82387	1.05046
740.560448	1.05354
741.29698	1.05865
742.033466	1.05772
742.769906	1.06572
743.506299	1.07385
744.242647	1.06075
744.978948	1.06702
745.715202	1.07555
746.45141	1.07434
747.187572	1.07892
747.923688	1.08096
748.659757	1.08891
749.39578	1.08681
750.131757	1.07339
750.867687	1.07486
751.60357	1.07601
752.339408	1.06877
753.075198	1.06537
753.810943	1.06701
754.54664	1.06101
755.282291	1.06499
756.017896	1.05776
756.753454	1.04914
757.488966	1.06811
758.22443	1.07827
758.959849	1.08119
759.69522	1.07509
760.430545	1.08028
761.165824	1.07473
761.901055	1.07293
762.63624	1.06266
763.371378	1.0639
764.10647	1.06983
764.841514	1.07304
765.576512	1.08699
766.311463	1.08266
767.046367	1.07633
767.781225	1.07993
768.516035	1.09712
769.250799	1.09768
769.985516	1.09125
770.720186	1.09782
771.454809	1.10746
772.189385	1.11668
772.923914	1.11456
773.658396	1.10307
774.392831	1.09887
775.127219	1.09498
775.86156	1.09436
776.595854	1.09267
777.330101	1.09764
778.0643	1.0903
778.798453	1.07967
779.532558	1.09563
780.266617	1.0906
781.000628	1.09043
781.734592	1.09356
782.468509	1.09417
783.202379	1.08007
783.936201	1.06095
784.669976	1.06346
785.403704	1.06785
786.137385	1.07004
786.871018	1.06623
787.604604	1.06899
788.338142	1.07261
789.071633	1.08492
789.805077	1.07728
790.538474	1.0763
791.271823	1.08114
792.005124	1.09178
792.738378	1.1063
793.471585	1.11606
794.204744	1.11489
794.937856	1.10832
795.67092	1.10306
796.403937	1.09404
797.136906	1.08434
797.869827	1.0833
798.602701	1.09254
799.335527	1.1009
800.068306	1.10202
800.801037	1.11281
801.53372	1.10579
802.266355	1.10867
802.998943	1.11127
803.731483	1.12414
804.463976	1.13038
805.19642	1.12352
805.928817	1.11235
806.661166	1.12321
807.393467	1.12187
808.125721	1.10652
808.857926	1.1081
809.590084	1.10332
810.322194	1.09361
811.054255	1.09439
811.786269	1.10043
812.518235	1.1047
813.250153	1.10969
813.982023	1.10848
814.713845	1.11462
815.445619	1.12046
816.177345	1.11651
816.909023	1.11391
817.640653	1.1156
818.372235	1.11464
819.103768	1.11112
819.835254	1.10294
820.566691	1.10314
821.29808	1.11328
822.029421	1.11234
822.760714	1.11444
823.491959	1.11249
824.223155	1.10412
824.954303	1.10523
825.685403	1.10437
826.416455	1.10881
827.147458	1.11332
827.878413	1.1038
828.609319	1.09544
829.340178	1.10274
830.070987	1.10763
830.801749	1.11255
831.532462	1.10907
832.263126	1.11641
832.993742	1.12398
833.72431	1.13162
834.454829	1.12075
835.1853	1.11654
835.915722	1.11842
836.646095	1.11628
837.37642	1.12308
838.106697	1.12254
838.836925	1.11099
839.567104	1.11806
840.297234	1.12727
841.027316	1.13081
841.75735	1.12767
842.487334	1.12236
843.21727	1.12135
843.947157	1.11805
844.676995	1.11398
845.406785	1.11655
846.136526	1.11688
846.866218	1.10935
847.595861	1.11955
848.325455	1.12319
849.055001	1.13154
849.784498	1.13229
850.513945	1.12826
851.243344	1.12825
851.972694	1.12354
852.701995	1.13021
853.431247	1.13589
854.16045	1.15402
854.889604	1.16344
855.618709	1.15073
856.347765	1.13876
857.076772	1.1468
857.80573	1.1454
858.534638	1.15226
859.263498	1.15454
859.992309	1.15308
860.72107	1.15052
861.449782	1.14273
862.178445	1.12255
862.907059	1.11706
863.635624	1.12565
864.364139	1.12494
865.092605	1.13081
865.821022	1.13096
866.54939	1.12209
867.277708	1.12654
868.005977	1.12925
868.734196	1.12641
869.462367	1.11736
870.190487	1.12473
870.918559	1.12586
871.646581	1.12412
872.374553	1.12551
873.102476	1.1238
873.83035	1.13445
874.558174	1.13709
875.285949	1.13672
876.013674	1.13521
876.74135	1.12118
877.468976	1.12866
878.196552	1.12367
878.924079	1.11256
879.651556	1.12804
880.378984	1.13558
881.106362	1.14021
881.83369	1.14505
882.560969	1.15122
883.288197	1.14786
884.015377	1.13536
884.742506	1.13852
885.469586	1.1411
886.196615	1.14644
886.923595	1.15168
887.650526	1.15897
888.377406	1.15695
889.104237	1.14888
889.831017	1.1596
890.557748	1.15517
891.284429	1.14588
892.01106	1.13905
892.737641	1.13354
893.464172	1.13993
894.190653	1.14518
894.917084	1.15058
895.643465	1.15628
896.369796	1.15279
897.096077	1.13851
897.822308	1.14162
898.548489	1.15389
899.274619	1.14362
900.0007	1.13259
900.72673	1.13366
901.452711	1.13601
902.178641	1.12838
902.904521	1.14061
903.63035	1.14789
904.35613	1.15132
905.081859	1.1348
905.807538	1.13069
906.533166	1.11043
907.258745	1.11577
907.984273	1.12271
908.70975	1.12289
909.435178	1.12922
910.160554	1.13846
910.885881	1.13902
911.611157	1.14241
912.336383	1.13999
913.061558	1.14651
913.786682	1.15188
914.511757	1.14249
915.23678	1.14239
915.961754	1.15235
916.686676	1.14743
917.411548	1.13942
918.13637	1.1189
918.861141	1.11671
919.585861	1.13028
920.310531	1.13576
921.03515	1.1314
921.759718	1.11989
922.484236	1.1344
923.208703	1.14356
923.933119	1.154
924.657484	1.16176
925.381799	1.16526
926.106063	1.16561
926.830276	1.16118
927.554438	1.15227
928.27855	1.15182
929.00261	1.14248
929.72662	1.14165
930.450579	1.15467
931.174487	1.15273
931.898344	1.14274
932.62215	1.14484
933.345905	1.13224
934.069609	1.13317
934.793262	1.13911
935.516865	1.13252
936.240416	1.13575
936.963916	1.14316
937.687365	1.14004
938.410762	1.12791
939.134109	1.13311
939.857405	1.15033
940.580649	1.15425
941.303843	1.15166
942.026985	1.16537
942.750076	1.17788
943.473116	1.1829
944.196104	1.18257
944.919041	1.17872
945.641927	1.18201
946.364762	1.18535
947.087545	1.19479
947.810277	1.20784
948.532958	1.21727
949.255588	1.20888
949.978166	1.20398
950.700692	1.20894
951.423167	1.21443
952.145591	1.21283
952.867963	1.20792
953.590284	1.20007
954.312553	1.19672
955.034771	1.18838
955.756938	1.19672
956.479052	1.20852
957.201115	1.20382
957.923127	1.20687